6721
7755
1154
8566
9667
5930
8723
8987
1039
8843
9442
6881
9307
3555
2212
4885
4476
8836
3831
7543
7284
3551
5813
2030
7106
5946
8023
6518
452
3018
3167
5171
4861
8521
3060
3601
5022
3215
632
732
3240
2692
2016
8597
831
6730
5324
9874
1201
3038
4089
1975
3553
5277
8777
6907
7463
3263
6194
3815
4929
6380
5375
8918
9
644
7305
8236
9416
5273
7028
2113
5424
7181
8332
4868
1099
4281
923
3488
7054
9675
5620
270
140
4820
5108
6831
2425
1958
2012
4466
6972
539
2421
5722
8444
5180
825
6809
382
7264
2242
2873
4441
9676
8020
5687
9873
4797
8792
6852
2876
3286
7614
9453
1623
3158
766
4740
182
5006
5148
4922
2340
3830
7672
8508
7116
3902
652
1179
7476
9696
3053
4830
6757
9334
9666
3537
7489
2168
983
1211
7508
7677
4290
7874
5893
827
33
6129
7791
4400
395
2680
7982
3504
5445
4351
1400
5485
1876
2695
2961
9405
2999
4655
6402
2923
3574
4184
4403
6708
9557
9842
911
7117
4147
8089
950
178
1841
4437
7208
269
7243
8840
4651
8464
9153
3099
338
760
1010
8312
6400
9415
7307
3839
9474
7324
1813
5511
9949
9716
4590
188
6787
6250
6709
6
7594
9551
1139
8614
38
5042
2679
9328
9787
850
59
9580
1914
315
4232
2121
2992
273
8563
5255
3757
1678
4153
955
7140
9844
6804
1854
2685
5447
3851
4399
3529
9550
8791
4695
5517
3185
267
9968
5291
6500
3793
2161
7392
1317
70
7964
9662
9146
9772
697
670
7517
8576
9757
7096
1880
5872
7521
4390
6391
6570
5895
9468
8013
5704
1721
5979
7621
7567
4554
1699
1589
1397
9396
7812
218
2350
9302
708
3948
2144
4026
6218
3787
2240
6452
2284
3343
8688
5402
1127
7570
1551
8159
4069
6027
1890
5460
4877
3954
3399
6767
7638
9613
4939
4113
9654
6371
3295
9628
6078
6513
5832
9329
4674
8433
8630
2442
5178
3208
172
3095
9891
5652
208
810
1086
8582
7979
8335
4331
2710
3492
7858
1971
8466
9128
6889
1956
6490
6921
4664
5983
1998
8700
2127
5442
4630
5345
7147
7017
5588
8031
2260
9798
6732
6837
9820
8358
5670
3550
8545
2522
9973
2192
9740
9353
2764
9889
6254
9217
8208
7479
8478
1480
2338
8964
1615
8162
4975
9578
5338
820
8308
385
7014
1330
3152
4812
1887
6416
7560
2327
225
9054
8406
1287
8838
2267
2251
8251
7107
4528
2194
86
903
8578
3919
7596
9196
5309
9707
6227
8170
1415
6559
9748
151
6273
6644
8005
2448
32
6800
6583
9897
1175
2092
5403
3101
6463
3917
1604
6236
1476
8492
5974
1751
183
8110
1698
2927
5542
8147
2481
8398
1792
6656
1844
6192
852
8344
6613
9445
8059
6226
1991
9025
9756
5250
1193
8112
9789
9332
9274
553
353
5228
4560
7577
8281
9251
3941
5774
6659
7339
2725
9858
674
9926
6205
6329
2378
9710
7473
7494
